1.000000 1.000000 1.000000 1.000000 1.000000 1.000000 0.000000 0.000000 0.000000 0.000000                 0.000000 0.000000 0.000000 0.000000 0.000000 0.000000 0.000000 0.000000 0.000000 0.000000                 0.000000 0.000000 0.000000 0.000000 0.000000 0.000000 0.000000 0.000000 0.000000 0.000000                 0.000000 0.000000 0.000000 0.000000 0.000000 0.000000 0.000000 0.000000 0.000000 0.000000                 0.000000 0.000000 0.000000 0.000000 0.000000 0.000000 0.000000 0.000000 0.000000 0.000000 0.000000
1.000000 1.000000 1.000000 1.000000 1.000000 1.000000 0.633975 0.401924 0.254809 0.161543                 0.102414 0.064928 0.041163 0.026096 0.016544 0.010489 0.006650 0.004216 0.002673 0.001694                 0.001074 0.000681 0.000432 0.000274 0.000174 0.000110 0.000070 0.000044 0.000028 0.000018                 0.000011 0.000007 0.000005 0.000003 0.000002 0.000001 0.000001 0.000000 0.000000 0.000000                 0.000000 0.000000 0.000000 0.000000 0.000000 0.000000 0.000000 0.000000 0.000000 0.000000 0.000000
1.000000 1.000000 1.000000 1.000000 1.000000 1.000000 0.866025 0.696152 0.534610 0.398058                 0.289845 0.207519 0.146629 0.102511 0.071045 0.048880 0.033422 0.022732 0.015390 0.010377                 0.006972 0.004669 0.003118 0.002077 0.001380 0.000915 0.000606 0.000400 0.000264 0.000174                 0.000114 0.000075 0.000049 0.000032 0.000021 0.000014 0.000009 0.000006 0.000004 0.000003                 0.000002 0.000001 0.000001 0.000000 0.000000 0.000000 0.000000 0.000000 0.000000 0.000000 0.000000
1.000000 1.000000 1.000000 1.000000 1.000000 1.000000 0.950962 0.857695 0.739438 0.614484                 0.495658 0.390192 0.301041 0.228374 0.170788 0.126166 0.092220 0.066785 0.047973 0.034212                 0.024241 0.017078 0.011968 0.008348 0.005797 0.004010 0.002764 0.001899 0.001301 0.000888                 0.000605 0.000411 0.000279 0.000188 0.000127 0.000086 0.000058 0.000039 0.000026 0.000017                 0.000012 0.000008 0.000005 0.000003 0.000002 0.000002 0.000001 0.000001 0.000000 0.000000 0.000000
1.000000 1.000000 1.000000 1.000000 1.000000 1.000000 0.982051 0.936533 0.864391 0.772919                 0.671434 0.568492 0.470599 0.381938 0.304652 0.239321 0.185478 0.142034 0.107605 0.080741                 0.060061 0.044328 0.032483 0.023649 0.017115 0.012318 0.008821 0.006288 0.004462 0.003154                 0.002221 0.001558 0.001090 0.000760 0.000528 0.000366 0.000253 0.000175 0.000120 0.000083                 0.000057 0.000039 0.000026 0.000018 0.000012 0.000008 0.000006 0.000004 0.000003 0.000002 0.000001
1.000000 1.000000 1.000000 1.000000 1.000000 1.000000 0.993430 0.972605 0.932996 0.874404                 0.800112 0.715333 0.625754 0.536511 0.451645 0.373929 0.304951 0.245319 0.194912 0.153123                 0.119060 0.091706 0.070029 0.053053 0.039899 0.029804 0.022124 0.016327 0.011984 0.008752                 0.006362 0.004604 0.003318 0.002381 0.001703 0.001214 0.000862 0.000611 0.000431 0.000304                 0.000213 0.000149 0.000104 0.000073 0.000051 0.000035 0.000024 0.000017 0.000012 0.000008 0.000006
0.000000 0.366025 0.598076 0.745191 0.838457 0.897586 0.932667 0.947285 0.942055 0.917293                 0.874402 0.816178 0.746478 0.669625 0.589839 0.510810 0.435461 0.365864 0.303291 0.248326                 0.201011 0.161003 0.127704 0.100380 0.078242 0.060512 0.046461 0.035431 0.026849 0.020225                 0.015151 0.011290 0.008372 0.006179 0.004541 0.003323 0.002422 0.001759 0.001273 0.000918                 0.000660 0.000473 0.000338 0.000241 0.000171 0.000121 0.000086 0.000061 0.000043 0.000030 0.000021
0.000000 0.133975 0.303848 0.465390 0.601942 0.710155 0.791600 0.848585 0.882797 0.895424                 0.887729 0.861540 0.819424 0.764594 0.700629 0.631151 0.559523 0.488639 0.420797 0.357668                 0.300328 0.249331 0.204813 0.166588 0.134251 0.107261 0.085007 0.066861 0.052216 0.040506                 0.031225 0.023929 0.018235 0.013822 0.010425 0.007825 0.005848 0.004351 0.003225 0.002380                 0.001751 0.001283 0.000937 0.000682 0.000495 0.000359 0.000259 0.000186 0.000134 0.000096 0.000068
0.000000 0.049038 0.142305 0.260562 0.385516 0.504342 0.609486 0.697002 0.765008 0.812744                 0.840190 0.848005 0.837544 0.810842 0.770501 0.719495 0.660942 0.597874 0.533060 0.468862                 0.407174 0.349400 0.296477 0.248934 0.206957 0.170466 0.139186 0.112713 0.090569 0.072245                 0.057231 0.045041 0.035229 0.027394 0.021183 0.016294 0.012470 0.009498 0.007202 0.005437                 0.004088 0.003061 0.002284 0.001698 0.001258 0.000929 0.000683 0.000501 0.000367 0.000268 0.000195
0.000000 0.017949 0.063467 0.135609 0.227081 0.328566 0.431390 0.528611 0.615138 0.687467                 0.743367 0.781667 0.802119 0.805312 0.792571 0.765823 0.727434 0.680012 0.626224 0.568625                 0.509530 0.450918 0.394389 0.341149 0.292031 0.247535 0.207877 0.173044 0.142856 0.117011                 0.095130 0.076796 0.061582 0.049068 0.038861 0.030601 0.023965 0.018670 0.014472 0.011165                 0.008575 0.006557 0.004993 0.003787 0.002861 0.002154 0.001615 0.001208 0.000900 0.000668 0.000495
0.000000 0.006570 0.027395 0.067004 0.125596 0.199888 0.284624 0.373929 0.462218 0.544665                 0.617395 0.677523 0.723128 0.753210 0.767617 0.766960 0.752493 0.725963 0.689456 0.645229                 0.595560 0.542617 0.488362 0.434478 0.382339 0.332997 0.287200 0.245416 0.207877 0.174617                 0.145523 0.120367 0.098850 0.080629 0.065341 0.052625 0.042135 0.033546 0.026564 0.020928                 0.016406 0.012801 0.009943 0.007690 0.005922 0.004543 0.003471 0.002643 0.002005 0.001516 0.001142
0.000000 0.002405 0.011552 0.031849 0.066163 0.115110 0.177156 0.249180 0.327157 0.406771                 0.483864 0.554748 0.616380 0.666463 0.703488 0.726720 0.736154 0.732423 0.716696 0.690537                 0.655773 0.614355 0.568238 0.519279 0.469155 0.419318 0.370959 0.325007 0.282135 0.242781                 0.207182 0.175405 0.147384 0.122950 0.101864 0.083841 0.068575 0.055754 0.045070 0.036233                 0.028976 0.023056 0.018256 0.014388 0.011290 0.008820 0.006862 0.005318 0.004105 0.003157 0.002420
0.000000 0.000880 0.004786 0.014692 0.033532 0.063391 0.105032 0.157794 0.219785 0.288227                 0.359835 0.431178 0.498967 0.560275 0.612694 0.654431 0.684343 0.701942 0.707342 0.701191                 0.684567 0.658868 0.625695 0.586744 0.543704 0.498175 0.451611 0.405271 0.360200 0.317221                 0.276944 0.239778 0.205960 0.175576 0.148595 0.124894 0.104280 0.086518 0.071347 0.058494                 0.047690 0.038673 0.031200 0.025047 0.020011 0.015915 0.012601 0.009935 0.007801 0.006102 0.004754
0.000000 0.000322 0.001956 0.006618 0.016469 0.033644 0.059774 0.095652 0.141088 0.194944                 0.255298 0.319675 0.385300 0.449345 0.509135 0.562317 0.606982 0.641740 0.665752 0.678724                 0.680862 0.672812 0.655566 0.630375 0.598651 0.561874 0.521515 0.478967 0.435495 0.392204                 0.350016 0.309666 0.271707 0.236521 0.204338 0.175259 0.149279 0.126307 0.106190 0.088732                 0.073710 0.060885 0.050020 0.040879 0.033241 0.026899 0.021666 0.017372 0.013869 0.011026 0.008730
0.000000 0.000118 0.000791 0.002924 0.007882 0.017311 0.032854 0.055839 0.087042 0.126537                 0.173667 0.227110 0.285011 0.345162 0.405180 0.462696 0.515508 0.561712 0.599793 0.628684                 0.647783 0.656944 0.656439 0.646899 0.629239 0.604582 0.574178 0.539328 0.501323 0.461382                 0.420619 0.380008 0.340367 0.302357 0.266479 0.233090 0.202413 0.174556 0.149533 0.127278                 0.107671 0.090546 0.075712 0.062962 0.052084 0.042865 0.035106 0.028615 0.023218 0.018755 0.015086
0.000000 0.000043 0.000317 0.001271 0.003691 0.008676 0.017526 0.031549 0.051861 0.079194                 0.113774 0.155258 0.202751 0.254877 0.309892 0.365822 0.420611 0.472258 0.518939 0.559108                 0.591565 0.615496 0.630482 0.636491 0.633837 0.623129 0.605211 0.581096 0.551897 0.518766                 0.482842 0.445202 0.406830 0.368590 0.331215 0.295299 0.261300 0.229550 0.200261 0.173548                 0.149435 0.127880 0.108785 0.092013 0.077398 0.064758 0.053905 0.044648 0.036804 0.030198 0.024666
0.000000 0.000016 0.000126 0.000545 0.001696 0.004251 0.009110 0.017323 0.029965 0.047984                 0.072065 0.102516 0.139204 0.181543 0.228522 0.278777 0.330692 0.382509 0.432446 0.478807                 0.520080 0.555004 0.582631 0.602345 0.613872 0.617260 0.612850 0.601227 0.583171 0.559597                 0.531503 0.499915 0.465843 0.430246 0.393998 0.357872 0.322524 0.288493 0.256198 0.225946                 0.197941 0.172297 0.149050 0.128173 0.109588 0.093179 0.078804 0.066302 0.055505 0.046242 0.038345
0.000000 0.000006 0.000050 0.000231 0.000767 0.002043 0.004629 0.009276 0.016849 0.028245                 0.044284 0.065598 0.092540 0.125117 0.162966 0.205356 0.251232 0.299283 0.348024 0.395894                 0.441349 0.482950 0.519436 0.549783 0.573241 0.589353 0.597954 0.599152 0.593303 0.580966                 0.562861 0.539821 0.512743 0.482547 0.450136 0.416365 0.382017 0.347785 0.314262 0.281936                 0.251192 0.222314 0.195498 0.170855 0.148430 0.128207 0.110124 0.094084 0.079963 0.067620 0.056905
0.000000 0.000002 0.000020 0.000097 0.000342 0.000965 0.002306 0.004857 0.009246 0.016200                 0.026480 0.040798 0.059737 0.083668 0.112693 0.146610 0.184904 0.226770 0.271152 0.316811                 0.362395 0.406521 0.447851 0.485160 0.517400 0.543737 0.563581 0.576601 0.582714 0.582074                 0.575042 0.562150 0.544066 0.521549 0.495410 0.466477 0.435563 0.403434 0.370794 0.338270                 0.306397 0.275621 0.246294 0.218681 0.192967 0.169263 0.147617 0.128022 0.110431 0.094761 0.080905
0.000000 0.000001 0.000008 0.000040 0.000151 0.000449 0.001129 0.002493 0.004965 0.009077                 0.015447 0.024726 0.037541 0.054425 0.075752 0.101688 0.132147 0.166782 0.204984 0.245915                 0.288550 0.331730 0.374233 0.414835 0.452377 0.485817 0.514281 0.537092 0.553791 0.564143                 0.568132 0.565943 0.557935 0.544617 0.526606 0.504597 0.479329 0.451549 0.421991 0.391347                 0.360253 0.329275 0.298902 0.269539 0.241512 0.215067 0.190379 0.167555 0.146646 0.127655 0.110543
0.000000 0.000000 0.000003 0.000017 0.000066 0.000206 0.000544 0.001257 0.002614 0.004980                 0.008811 0.014637 0.023020 0.034515 0.049609 0.068671 0.091905 0.119312 0.150670 0.185532                 0.223239 0.262950 0.303682 0.344367 0.383901 0.421205 0.455273 0.485221 0.510319 0.530020                 0.543970 0.552013 0.554180 0.550680 0.541868 0.528226 0.510328 0.488814 0.464355 0.437632                 0.409309 0.380015 0.350326 0.320756 0.291750 0.263682 0.236851 0.211487 0.187754 0.165756 0.145547
0.000000 0.000000 0.000001 0.000007 0.000028 0.000093 0.000258 0.000624 0.001352 0.002680                 0.004924 0.008479 0.013802 0.021383 0.031715 0.045242 0.062322 0.083182 0.107884 0.136305                 0.168125 0.202833 0.239747 0.278040 0.316788 0.355007 0.391707 0.425935 0.456822 0.483614                 0.505706 0.522655 0.534194 0.540229 0.540829 0.536216 0.526740 0.512858 0.495105 0.474068                 0.450365 0.424615 0.397423 0.369361 0.340954 0.312670 0.284919 0.258041 0.232314 0.207952 0.185110
0.000000 0.000000 0.000000 0.000003 0.000012 0.000042 0.000121 0.000305 0.000688 0.001418                 0.002701 0.004816 0.008105 0.012965 0.019828 0.029130 0.041279 0.056616 0.075382 0.097681                 0.123466 0.152516 0.184445 0.218703 0.254605 0.291355 0.328086 0.363902 0.397913 0.429282                 0.457255 0.481193 0.500593 0.515101 0.524518 0.528800 0.528046 0.522487 0.512464 0.498410                 0.480825 0.460250 0.437254 0.412403 0.386251 0.359319 0.332086 0.304984 0.278385 0.252605 0.227900
0.000000 0.000000 0.000000 0.000001 0.000005 0.000019 0.000056 0.000147 0.000345 0.000738                 0.001456 0.002686 0.004670 0.007706 0.012143 0.018361 0.026749 0.037681 0.051481 0.068391                 0.088550 0.111963 0.138493 0.167852 0.199606 0.233188 0.267923 0.303054 0.337775 0.371269                 0.402742 0.431457 0.456763 0.478116 0.495100 0.507435 0.514979 0.517727 0.515801 0.509435                 0.498963 0.484793 0.467393 0.447265 0.424933 0.400916 0.375723 0.349830 0.323680 0.297664 0.272129
0.000000 0.000000 0.000000 0.000000 0.000002 0.000008 0.000026 0.000070 0.000171 0.000378                 0.000773 0.001473 0.002643 0.004496 0.007295 0.011345 0.016984 0.024560 0.034413 0.046850                 0.062113 0.080360 0.101638 0.125874 0.152862 0.182263 0.213617 0.246353 0.279816 0.313290                 0.346031 0.377299 0.406385 0.432640 0.455502 0.474511 0.489323 0.499720 0.505606 0.507008                 0.504063 0.497010 0.486169 0.471929 0.454727 0.435031 0.413323 0.390083 0.365778 0.340846 0.315694
0.000000 0.000000 0.000000 0.000000 0.000001 0.000004 0.000012 0.000033 0.000084 0.000191                 0.000404 0.000796 0.001472 0.002579 0.004305 0.006882 0.010580 0.015697 0.022547 0.031443                 0.042669 0.056465 0.072999 0.092353 0.114501 0.139303 0.166504 0.195731 0.226508 0.258272                 0.290394 0.322204 0.353016 0.382161 0.409005 0.432982 0.453604 0.470484 0.483339 0.492002                 0.496417 0.496634 0.492804 0.485163 0.474023 0.459751 0.442757 0.423477 0.402358 0.379843 0.356363
0.000000 0.000000 0.000000 0.000000 0.000000 0.000002 0.000005 0.000015 0.000040 0.000096                 0.000209 0.000423 0.000807 0.001456 0.002499 0.004103 0.006474 0.009849 0.014497 0.020700                 0.028741 0.038889 0.051374 0.066373 0.083989 0.104236 0.127027 0.152175 0.179383 0.208258                 0.238322 0.269025 0.299768 0.329926 0.358871 0.385998 0.410743 0.432610 0.451178 0.466121                 0.477210 0.484320 0.487425 0.486597 0.481995 0.473853 0.462471 0.448198 0.431419 0.412541 0.391978
0.000000 0.000000 0.000000 0.000000 0.000000 0.000001 0.000002 0.000007 0.000019 0.000047                 0.000106 0.000222 0.000436 0.000810 0.001428 0.002407 0.003896 0.006075 0.009158 0.013382                 0.019004 0.026282 0.035466 0.046779 0.060399 0.076444 0.094959 0.115901 0.139137 0.164437                 0.191481 0.219864 0.249111 0.278691 0.308039 0.336574 0.363722 0.388937 0.411719 0.431631                 0.448314 0.461493 0.470985 0.476699 0.478638 0.476886 0.471610 0.463041 0.451466 0.437219 0.420660
0.000000 0.000000 0.000000 0.000000 0.000000 0.000000 0.000001 0.000003 0.000009 0.000023                 0.000054 0.000115 0.000233 0.000444 0.000804 0.001391 0.002308 0.003686 0.005689 0.008505                 0.012348 0.017448 0.024043 0.032365 0.042626 0.055005 0.069629 0.086566 0.105808 0.127268                 0.150772 0.176061 0.202799 0.230578 0.258930 0.287350 0.315304 0.342255 0.367681 0.391088                 0.412034 0.430138 0.445089 0.456659 0.464704 0.469163 0.470058 0.467490 0.461625 0.452692 0.440967
0.000000 0.000000 0.000000 0.000000 0.000000 0.000000 0.000000 0.000001 0.000004 0.000011                 0.000027 0.000059 0.000123 0.000240 0.000447 0.000792 0.001347 0.002203 0.003479 0.005319                 0.007892 0.011390 0.016021 0.022004 0.029552 0.038868 0.050127 0.063465 0.078964 0.096644                 0.116456 0.138273 0.161891 0.187032 0.213349 0.240435 0.267839 0.295077 0.321652 0.347067                 0.370847 0.392549 0.411780 0.428207 0.441566 0.451667 0.458399 0.461726 0.461689 0.458396 0.452016
0.000000 0.000000 0.000000 0.000000 0.000000 0.000000 0.000000 0.000001 0.000002 0.000005                 0.000013 0.000030 0.000064 0.000129 0.000245 0.000445 0.000775 0.001298 0.002096 0.003276                 0.004965 0.007317 0.010503 0.014712 0.020144 0.026998 0.035464 0.045713 0.057883 0.072071                 0.088317 0.106602 0.126839 0.148871 0.172472 0.197348 0.223150 0.249477 0.275895 0.301946                 0.327165 0.351097 0.373309 0.393403 0.411032 0.425905 0.437799 0.446557 0.452096 0.454402 0.453529
0.000000 0.000000 0.000000 0.000000 0.000000 0.000000 0.000000 0.000000 0.000001 0.000003                 0.000006 0.000015 0.000033 0.000068 0.000133 0.000247 0.000440 0.000754 0.001246 0.001989                 0.003078 0.004630 0.006779 0.009683 0.013512 0.018448 0.024676 0.032376 0.041712 0.052824                 0.065816 0.080745 0.097616 0.116377 0.136909 0.159031 0.182500 0.207015 0.232227 0.257746                 0.283155 0.308024 0.331920 0.354424 0.375144 0.393724 0.409856 0.423290 0.433833 0.441362 0.445815
0.000000 0.000000 0.000000 0.000000 0.000000 0.000000 0.000000 0.000000 0.000000 0.000001                 0.000003 0.000007 0.000017 0.000036 0.000071 0.000136 0.000247 0.000433 0.000730 0.001191                 0.001882 0.002887 0.004312 0.006278 0.008926 0.012411 0.016900 0.022565 0.029573 0.038084                 0.048234 0.060134 0.073853 0.089418 0.106801 0.125919 0.146629 0.168732 0.191973 0.216047                 0.240611 0.265285 0.289675 0.313375 0.335984 0.357118 0.376422 0.393576 0.408311 0.420409 0.429708
0.000000 0.000000 0.000000 0.000000 0.000000 0.000000 0.000000 0.000000 0.000000 0.000001                 0.000001 0.000004 0.000008 0.000018 0.000038 0.000073 0.000137 0.000245 0.000423 0.000704                 0.001135 0.001776 0.002705 0.004012 0.005811 0.008227 0.011402 0.015488 0.020643 0.027027                 0.034789 0.044066 0.054969 0.067578 0.081935 0.098034 0.115821 0.135188 0.155973 0.177961                 0.200893 0.224462 0.248332 0.272139 0.295508 0.318059 0.339421 0.359243 0.377204 0.393018 0.406447
0.000000 0.000000 0.000000 0.000000 0.000000 0.000000 0.000000 0.000000 0.000000 0.000000                 0.000001 0.000002 0.000004 0.000009 0.000020 0.000039 0.000075 0.000137 0.000242 0.000411                 0.000676 0.001079 0.001674 0.002530 0.003731 0.005376 0.007582 0.010476 0.014197 0.018893                 0.024712 0.031796 0.040278 0.050271 0.061860 0.075101 0.090006 0.106543 0.124636 0.144154                 0.164922 0.186715 0.209268 0.232281 0.255423 0.278350 0.300703 0.322130 0.342289 0.360857 0.377544
0.000000 0.000000 0.000000 0.000000 0.000000 0.000000 0.000000 0.000000 0.000000 0.000000                 0.000000 0.000001 0.000002 0.000005 0.000010 0.000021 0.000041 0.000076 0.000137 0.000237                 0.000398 0.000647 0.001023 0.001574 0.002364 0.003466 0.004973 0.006987 0.009626 0.013018                 0.017298 0.022605 0.029074 0.036832 0.045993 0.056647 0.068857 0.082651 0.098019 0.114905                 0.133213 0.152796 0.173466 0.194994 0.217113 0.239527 0.261919 0.283958 0.305308 0.325641 0.344639
0.000000 0.000000 0.000000 0.000000 0.000000 0.000000 0.000000 0.000000 0.000000 0.000000                 0.000000 0.000000 0.000001 0.000002 0.000005 0.000011 0.000022 0.000042 0.000077 0.000135                 0.000231 0.000384 0.000618 0.000968 0.001479 0.002206 0.003219 0.004598 0.006438 0.008847                 0.011940 0.015844 0.020686 0.026596 0.033696 0.042097 0.051892 0.063151 0.075913 0.090185                 0.105934 0.123087 0.141527 0.161097 0.181600 0.202803 0.224441 0.246226 0.267851 0.289004 0.309368
0.000000 0.000000 0.000000 0.000000 0.000000 0.000000 0.000000 0.000000 0.000000 0.000000                 0.000000 0.000000 0.000001 0.000001 0.000003 0.000006 0.000012 0.000023 0.000042 0.000076                 0.000133 0.000225 0.000369 0.000588 0.000914 0.001387 0.002058 0.002987 0.004251 0.005933                 0.008132 0.010955 0.014517 0.018938 0.024340 0.030839 0.038545 0.047551 0.057932 0.069738                 0.082987 0.097664 0.113719 0.131061 0.149560 0.169048 0.189323 0.210151 0.231271 0.252403 0.273253
0.000000 0.000000 0.000000 0.000000 0.000000 0.000000 0.000000 0.000000 0.000000 0.000000                 0.000000 0.000000 0.000000 0.000001 0.000001 0.000003 0.000006 0.000012 0.000023 0.000043                 0.000076 0.000130 0.000218 0.000353 0.000558 0.000862 0.001299 0.001917 0.002771 0.003929                 0.005467 0.007476 0.010053 0.013305 0.017344 0.022284 0.028236 0.035306 0.043588 0.053159                 0.064077 0.076371 0.090041 0.105055 0.121345 0.138806 0.157296 0.176642 0.196638 0.217049 0.237621
0.000000 0.000000 0.000000 0.000000 0.000000 0.000000 0.000000 0.000000 0.000000 0.000000                 0.000000 0.000000 0.000000 0.000000 0.000001 0.000002 0.000003 0.000007 0.000013 0.000024                 0.000043 0.000075 0.000127 0.000210 0.000337 0.000529 0.000811 0.001216 0.001785 0.002570                 0.003630 0.005038 0.006873 0.009228 0.012198 0.015890 0.020409 0.025861 0.032350 0.039967                 0.048792 0.058886 0.070290 0.083015 0.097045 0.112330 0.128789 0.146305 0.164728 0.183879 0.203550
0.000000 0.000000 0.000000 0.000000 0.000000 0.000000 0.000000 0.000000 0.000000 0.000000                 0.000000 0.000000 0.000000 0.000000 0.000000 0.000001 0.000002 0.000003 0.000007 0.000013                 0.000024 0.000043 0.000073 0.000123 0.000202 0.000322 0.000501 0.000763 0.001137 0.001661                 0.002382 0.003354 0.004642 0.006321 0.008472 0.011187 0.014562 0.018698 0.023695 0.029651                 0.036657 0.044793 0.054126 0.064700 0.076539 0.089639 0.103969 0.119465 0.136032 0.153545 0.171848
0.000000 0.000000 0.000000 0.000000 0.000000 0.000000 0.000000 0.000000 0.000000 0.000000                 0.000000 0.000000 0.000000 0.000000 0.000000 0.000000 0.000001 0.000002 0.000004 0.000007                 0.000013 0.000024 0.000042 0.000072 0.000119 0.000193 0.000306 0.000473 0.000716 0.001062                 0.001545 0.002207 0.003099 0.004278 0.005813 0.007780 0.010263 0.013350 0.017137 0.021717                 0.027185 0.033630 0.041132 0.049759 0.059561 0.070570 0.082795 0.096217 0.110791 0.126440 0.143061
0.000000 0.000000 0.000000 0.000000 0.000000 0.000000 0.000000 0.000000 0.000000 0.000000                 0.000000 0.000000 0.000000 0.000000 0.000000 0.000000 0.000000 0.000001 0.000002 0.000004                 0.000007 0.000013 0.000024 0.000041 0.000070 0.000115 0.000185 0.000290 0.000446 0.000672                 0.000991 0.001436 0.002045 0.002862 0.003942 0.005347 0.007146 0.009417 0.012243 0.015711                 0.019911 0.024932 0.030862 0.037779 0.045751 0.054836 0.065070 0.076470 0.089033 0.102725 0.117489
0.000000 0.000000 0.000000 0.000000 0.000000 0.000000 0.000000 0.000000 0.000000 0.000000                 0.000000 0.000000 0.000000 0.000000 0.000000 0.000000 0.000000 0.000000 0.000001 0.000002                 0.000004 0.000007 0.000013 0.000024 0.000041 0.000068 0.000111 0.000177 0.000275 0.000420                 0.000629 0.000925 0.001335 0.001894 0.002644 0.003633 0.004919 0.006565 0.008643 0.011230                 0.014407 0.018260 0.022873 0.028329 0.034706 0.042074 0.050491 0.060000 0.070627 0.082375 0.095228
0.000000 0.000000 0.000000 0.000000 0.000000 0.000000 0.000000 0.000000 0.000000 0.000000                 0.000000 0.000000 0.000000 0.000000 0.000000 0.000000 0.000000 0.000000 0.000001 0.000001                 0.000002 0.000004 0.000007 0.000013 0.000023 0.000040 0.000066 0.000106 0.000168 0.000260                 0.000395 0.000589 0.000862 0.001240 0.001754 0.002442 0.003348 0.004526 0.006033 0.007935                 0.010304 0.013216 0.016751 0.020988 0.026009 0.031889 0.038698 0.046495 0.055328 0.065228 0.076209
0.000000 0.000000 0.000000 0.000000 0.000000 0.000000 0.000000 0.000000 0.000000 0.000000                 0.000000 0.000000 0.000000 0.000000 0.000000 0.000000 0.000000 0.000000 0.000000 0.000001                 0.000001 0.000002 0.000004 0.000008 0.000013 0.000023 0.000039 0.000063 0.000102 0.000160                 0.000246 0.000372 0.000551 0.000803 0.001151 0.001623 0.002255 0.003086 0.004165 0.005545                 0.007287 0.009457 0.012127 0.015370 0.019265 0.023886 0.029307 0.035598 0.042820 0.051022 0.060241
0.000000 0.000000 0.000000 0.000000 0.000000 0.000000 0.000000 0.000000 0.000000 0.000000                 0.000000 0.000000 0.000000 0.000000 0.000000 0.000000 0.000000 0.000000 0.000000 0.000000                 0.000001 0.000001 0.000002 0.000004 0.000008 0.000013 0.000022 0.000037 0.000061 0.000097                 0.000152 0.000232 0.000349 0.000515 0.000748 0.001068 0.001503 0.002082 0.002844 0.003833                 0.005097 0.006693 0.008682 0.011130 0.014107 0.017686 0.021940 0.026939 0.032752 0.039439 0.047053
0.000000 0.000000 0.000000 0.000000 0.000000 0.000000 0.000000 0.000000 0.000000 0.000000                 0.000000 0.000000 0.000000 0.000000 0.000000 0.000000 0.000000 0.000000 0.000000 0.000000                 0.000000 0.000001 0.000001 0.000002 0.000004 0.000008 0.000013 0.000022 0.000036 0.000059                 0.000093 0.000144 0.000219 0.000327 0.000481 0.000696 0.000991 0.001391 0.001923 0.002622                 0.003528 0.004686 0.006149 0.007972 0.010218 0.012952 0.016242 0.020157 0.024767 0.030138 0.036329
0.000000 0.000000 0.000000 0.000000 0.000000 0.000000 0.000000 0.000000 0.000000 0.000000                 0.000000 0.000000 0.000000 0.000000 0.000000 0.000000 0.000000 0.000000 0.000000 0.000000                 0.000000 0.000000 0.000001 0.000001 0.000002 0.000004 0.000007 0.000013 0.000021 0.000035                 0.000056 0.000088 0.000136 0.000206 0.000307 0.000449 0.000648 0.000920 0.001287 0.001775                 0.002417 0.003248 0.004310 0.005650 0.007322 0.009383 0.011893 0.014918 0.018523 0.022774 0.027736
0.000000 0.000000 0.000000 0.000000 0.000000 0.000000 0.000000 0.000000 0.000000 0.000000                 0.000000 0.000000 0.000000 0.000000 0.000000 0.000000 0.000000 0.000000 0.000000 0.000000                 0.000000 0.000000 0.000000 0.000001 0.000001 0.000002 0.000004 0.000007 0.000012 0.000021                 0.000034 0.000054 0.000084 0.000128 0.000194 0.000287 0.000419 0.000602 0.000853 0.001191                 0.001639 0.002228 0.002990 0.003964 0.005193 0.006726 0.008618 0.010924 0.013705 0.017025 0.020945
0.000000 0.000000 0.000000 0.000000 0.000000 0.000000 0.000000 0.000000 0.000000 0.000000                 0.000000 0.000000 0.000000 0.000000 0.000000 0.000000 0.000000 0.000000 0.000000 0.000000                 0.000000 0.000000 0.000000 0.000000 0.000001 0.000001 0.000002 0.000004 0.000007 0.000012                 0.000020 0.000032 0.000051 0.000079 0.000121 0.000182 0.000269 0.000391 0.000560 0.000791                 0.001101 0.001514 0.002054 0.002753 0.003646 0.004774 0.006181 0.007917 0.010035 0.012594 0.015651
