1.000000 1.000000 1.000000 1.000000 1.000000 1.000000 0.000000 0.000000 0.000000 0.000000                 0.000000 0.000000 0.000000 0.000000 0.000000 0.000000 0.000000 0.000000 0.000000 0.000000                 0.000000 0.000000 0.000000 0.000000 0.000000 0.000000 0.000000 0.000000 0.000000 0.000000                 0.000000 0.000000 0.000000 0.000000 0.000000 0.000000 0.000000 0.000000 0.000000 0.000000                 0.000000 0.000000 0.000000 0.000000 0.000000 0.000000 0.000000 0.000000 0.000000 0.000000 0.000000
1.000000 1.000000 1.000000 1.000000 1.000000 1.000000 0.500000 0.250000 0.125000 0.062500                 0.031250 0.015625 0.007813 0.003906 0.001953 0.000977 0.000488 0.000244 0.000122 0.000061                 0.000031 0.000015 0.000008 0.000004 0.000002 0.000001 0.000000 0.000000 0.000000 0.000000                 0.000000 0.000000 0.000000 0.000000 0.000000 0.000000 0.000000 0.000000 0.000000 0.000000                 0.000000 0.000000 0.000000 0.000000 0.000000 0.000000 0.000000 0.000000 0.000000 0.000000 0.000000
1.000000 1.000000 1.000000 1.000000 1.000000 1.000000 0.750000 0.500000 0.312500 0.187500                 0.109375 0.062500 0.035156 0.019531 0.010742 0.005859 0.003174 0.001709 0.000916 0.000488                 0.000259 0.000137 0.000072 0.000038 0.000020 0.000010 0.000005 0.000003 0.000001 0.000001                 0.000000 0.000000 0.000000 0.000000 0.000000 0.000000 0.000000 0.000000 0.000000 0.000000                 0.000000 0.000000 0.000000 0.000000 0.000000 0.000000 0.000000 0.000000 0.000000 0.000000 0.000000
1.000000 1.000000 1.000000 1.000000 1.000000 1.000000 0.875000 0.687500 0.500000 0.343750                 0.226563 0.144531 0.089844 0.054688 0.032715 0.019287 0.011230 0.006470 0.003693 0.002090                 0.001175 0.000656 0.000364 0.000201 0.000111 0.000061 0.000033 0.000018 0.000010 0.000005                 0.000003 0.000002 0.000001 0.000000 0.000000 0.000000 0.000000 0.000000 0.000000 0.000000                 0.000000 0.000000 0.000000 0.000000 0.000000 0.000000 0.000000 0.000000 0.000000 0.000000 0.000000
1.000000 1.000000 1.000000 1.000000 1.000000 1.000000 0.937500 0.812500 0.656250 0.500000                 0.363281 0.253906 0.171875 0.113281 0.072998 0.046143 0.028687 0.017578 0.010635 0.006363                 0.003769 0.002213 0.001288 0.000745 0.000428 0.000244 0.000139 0.000078 0.000044 0.000025                 0.000014 0.000008 0.000004 0.000002 0.000001 0.000001 0.000000 0.000000 0.000000 0.000000                 0.000000 0.000000 0.000000 0.000000 0.000000 0.000000 0.000000 0.000000 0.000000 0.000000 0.000000
1.000000 1.000000 1.000000 1.000000 1.000000 1.000000 0.968750 0.890625 0.773438 0.636719                 0.500000 0.376953 0.274414 0.193848 0.133423 0.089783 0.059235 0.038406 0.024521 0.015442                 0.009605 0.005909 0.003599 0.002172 0.001300 0.000772 0.000455 0.000267 0.000155 0.000090                 0.000052 0.000030 0.000017 0.000010 0.000005 0.000003 0.000002 0.000001 0.000001 0.000000                 0.000000 0.000000 0.000000 0.000000 0.000000 0.000000 0.000000 0.000000 0.000000 0.000000 0.000000
0.000000 0.500000 0.750000 0.875000 0.937500 0.968750 0.968750 0.929688 0.851563 0.744141                 0.622070 0.499512 0.386963 0.290405 0.211914 0.150848 0.105042 0.071724 0.048122 0.031782                 0.020694 0.013301 0.008450 0.005311 0.003305 0.002039 0.001247 0.000757 0.000456 0.000273                 0.000162 0.000096 0.000057 0.000033 0.000019 0.000011 0.000006 0.000004 0.000002 0.000001                 0.000001 0.000000 0.000000 0.000000 0.000000 0.000000 0.000000 0.000000 0.000000 0.000000 0.000000
0.000000 0.250000 0.500000 0.687500 0.812500 0.890625 0.929687 0.929687 0.890625 0.817383                 0.719727 0.609619 0.498291 0.394348 0.303131 0.226990 0.166016 0.118870 0.083496 0.057639                 0.039166 0.026234 0.017342 0.011326 0.007316 0.004677 0.002962 0.001859 0.001158 0.000715                 0.000439 0.000268 0.000162 0.000098 0.000058 0.000035 0.000021 0.000012 0.000007 0.000004                 0.000002 0.000001 0.000001 0.000000 0.000000 0.000000 0.000000 0.000000 0.000000 0.000000 0.000000
0.000000 0.125000 0.312500 0.500000 0.656250 0.773437 0.851562 0.890625 0.890625 0.854004                 0.786865 0.698242 0.598267 0.496307 0.399719 0.313354 0.239685 0.179277 0.131387 0.094513                 0.066840 0.046537 0.031939 0.021633 0.014474 0.009576 0.006269 0.004064 0.002611 0.001663                 0.001051 0.000659 0.000411 0.000254 0.000156 0.000096 0.000058 0.000035 0.000021 0.000013                 0.000008 0.000004 0.000003 0.000002 0.000001 0.000001 0.000000 0.000000 0.000000 0.000000 0.000000
0.000000 0.062500 0.187500 0.343750 0.500000 0.636719 0.744141 0.817383 0.854004 0.854004                 0.820435 0.759338 0.678802 0.587555 0.493637 0.403496 0.321590 0.250434 0.190910 0.142712                 0.104776 0.075656 0.053798 0.037715 0.026095 0.017835 0.012052 0.008058 0.005335 0.003499                 0.002275 0.001467 0.000939 0.000597 0.000376 0.000236 0.000147 0.000091 0.000056 0.000034                 0.000021 0.000013 0.000008 0.000005 0.000003 0.000002 0.000001 0.000001 0.000000 0.000000 0.000000
0.000000 0.031250 0.109375 0.226562 0.363281 0.500000 0.622070 0.719727 0.786865 0.820435                 0.820435 0.789886 0.734344 0.660950 0.577293 0.490395 0.405993 0.328213 0.259562 0.201137                 0.152956 0.114306 0.084052 0.060884 0.043489 0.030662 0.021357 0.014708 0.010021 0.006760                 0.004518 0.002992 0.001966 0.001281 0.000829 0.000532 0.000340 0.000215 0.000136 0.000085                 0.000053 0.000033 0.000020 0.000012 0.000008 0.000005 0.000003 0.000002 0.000001 0.000001 0.000000
0.000000 0.015625 0.062500 0.144531 0.253906 0.376953 0.499512 0.609619 0.698242 0.759338                 0.789886 0.789886 0.762115 0.711533 0.644413 0.567404 0.486698 0.407456 0.333509 0.267323                 0.210139 0.162223 0.123137 0.092011 0.067750 0.049206 0.035282 0.024995 0.017508 0.012134                 0.008326 0.005659 0.003812 0.002547 0.001688 0.001110 0.000725 0.000470 0.000303 0.000194                 0.000124 0.000078 0.000049 0.000031 0.000019 0.000012 0.000007 0.000005 0.000003 0.000002 0.000001
0.000000 0.007812 0.035156 0.089844 0.171875 0.274414 0.386963 0.498291 0.598267 0.678802                 0.734344 0.762115 0.762115 0.736824 0.690619 0.629011 0.557855 0.482655 0.408082 0.337702                 0.273921 0.218072 0.170605 0.131308 0.099529 0.074367 0.054825 0.039910 0.028709 0.020421                 0.014374 0.010016 0.006914 0.004731 0.003209 0.002160 0.001442 0.000956 0.000630 0.000412                 0.000268 0.000173 0.000111 0.000071 0.000045 0.000029 0.000018 0.000011 0.000007 0.000004 0.000003
0.000000 0.003906 0.019531 0.054687 0.113281 0.193848 0.290405 0.394348 0.496307 0.587555                 0.660950 0.711533 0.736824 0.736824 0.713721 0.671366 0.614610 0.548633 0.478357 0.408030                 0.340975 0.279524 0.225064 0.178186 0.138857 0.106612 0.080718 0.060314 0.044511 0.032466                 0.023420 0.016718 0.011816 0.008273 0.005741 0.003950 0.002696 0.001826 0.001228 0.000820                 0.000544 0.000358 0.000235 0.000153 0.000099 0.000064 0.000041 0.000026 0.000017 0.000010 0.000007
0.000000 0.001953 0.010742 0.032715 0.072998 0.133423 0.211914 0.303131 0.399719 0.493637                 0.577293 0.644413 0.690619 0.713721 0.713721 0.692544 0.653577 0.601105 0.539731 0.473881                 0.407428 0.343476 0.284270 0.231228 0.185043 0.145827 0.113273 0.086794 0.065652 0.049059                 0.036240 0.026479 0.019148 0.013710 0.009726 0.006838 0.004767 0.003297 0.002262 0.001541                 0.001042 0.000700 0.000468 0.000310 0.000205 0.000134 0.000087 0.000057 0.000037 0.000024 0.000015
0.000000 0.000977 0.005859 0.019287 0.046143 0.089783 0.150848 0.226990 0.313354 0.403496                 0.490395 0.567404 0.629011 0.671366 0.692544 0.692544 0.673060 0.637083 0.588407 0.531144                 0.469286 0.406381 0.345325 0.288277 0.236660 0.191244 0.152258 0.119526 0.092589 0.070824                 0.053532 0.040005 0.029577 0.021643 0.015685 0.011261 0.008014 0.005656 0.003959 0.002750                 0.001896 0.001298 0.000883 0.000597 0.000401 0.000267 0.000177 0.000117 0.000077 0.000050 0.000033
0.000000 0.000488 0.003174 0.011230 0.028687 0.059235 0.105042 0.166016 0.239685 0.321590                 0.405993 0.486698 0.557855 0.614610 0.653577 0.673060 0.673060 0.655072 0.621739 0.576441                 0.522864 0.464622 0.404974 0.346625 0.291642 0.241443 0.196851 0.158188 0.125389 0.098107                 0.075819 0.057912 0.043744 0.032694 0.024189 0.017725 0.012870 0.009263 0.006611 0.004680                 0.003288 0.002293 0.001588 0.001092 0.000746 0.000507 0.000342 0.000230 0.000153 0.000102 0.000067
0.000000 0.000244 0.001709 0.006470 0.017578 0.038406 0.071724 0.118870 0.179277 0.250434                 0.328213 0.407456 0.482655 0.548633 0.601105 0.637083 0.655072 0.655072 0.638405 0.607423                 0.565144 0.514883 0.459928 0.403277 0.347460 0.294451 0.245651 0.201920 0.163654 0.130880                 0.103350 0.080631 0.062188 0.047441 0.035815 0.026770 0.019820 0.014541 0.010576 0.007628                 0.005458 0.003876 0.002732 0.001912 0.001329 0.000918 0.000630 0.000430 0.000292 0.000197 0.000132
0.000000 0.000122 0.000916 0.003693 0.010635 0.024521 0.048122 0.083496 0.131387 0.190910                 0.259562 0.333509 0.408082 0.478357 0.539731 0.588407 0.621739 0.638405 0.638405 0.622914                 0.594029 0.554456 0.507192 0.455234 0.401347 0.347899 0.296775 0.249347 0.206501 0.168691                 0.136020 0.108326 0.085257 0.066349 0.051082 0.038926 0.029373 0.021957 0.016267 0.011947                 0.008703 0.006289 0.004511 0.003211 0.002270 0.001594 0.001112 0.000771 0.000531 0.000364 0.000248
0.000000 0.000061 0.000488 0.002090 0.006363 0.015442 0.031782 0.057639 0.094513 0.142712                 0.201137 0.267323 0.337702 0.408030 0.473881 0.531144 0.576441 0.607423 0.622914 0.622914                 0.608472 0.581464 0.544328 0.499781 0.450564 0.399232 0.348003 0.298675 0.252588 0.210639                 0.173330 0.140828 0.113042 0.089695 0.070389 0.054657 0.042015 0.031986 0.024126 0.018037                 0.013370 0.009830 0.007170 0.005191 0.003731 0.002662 0.001887 0.001329 0.000930 0.000647 0.000448
0.000000 0.000031 0.000259 0.001175 0.003769 0.009605 0.020694 0.039166 0.066840 0.104776                 0.152956 0.210139 0.273921 0.340975 0.407428 0.469286 0.522864 0.565144 0.594029 0.608472                 0.608472 0.594968 0.569648 0.534715 0.492639 0.445935 0.396969 0.347822 0.300205 0.255422                 0.214376 0.177602 0.145322 0.117509 0.093949 0.074303 0.058159 0.045073 0.034600 0.026318                 0.019844 0.014837 0.011003 0.008097 0.005914 0.004288 0.003088 0.002208 0.001569 0.001108 0.000778
0.000000 0.000015 0.000137 0.000656 0.002213 0.005909 0.013301 0.026234 0.046537 0.075656                 0.114306 0.162223 0.218072 0.279524 0.343476 0.406381 0.464622 0.514883 0.554456 0.581464                 0.594968 0.594968 0.582308 0.558511 0.525575 0.485755 0.441362 0.394592 0.347399 0.301411                 0.257893 0.217748 0.181535 0.149522 0.121735 0.098019 0.078089 0.061581 0.048090 0.037204                 0.028524 0.021680 0.016342 0.012220 0.009067 0.006677 0.004883 0.003545 0.002557 0.001833 0.001305
0.000000 0.000008 0.000072 0.000364 0.001288 0.003599 0.008450 0.017342 0.031939 0.053798                 0.084052 0.123137 0.170605 0.225064 0.284270 0.345325 0.404974 0.459928 0.507192 0.544328                 0.569648 0.582308 0.582308 0.570409 0.547992 0.516874 0.479118 0.436855 0.392127 0.346769                 0.302331 0.260039 0.220787 0.185154 0.153445 0.125732 0.101911 0.081746 0.064918 0.051061                 0.039793 0.030737 0.023539 0.017879 0.013473 0.010075 0.007479 0.005512 0.004035 0.002934 0.002120
0.000000 0.000004 0.000038 0.000201 0.000745 0.002172 0.005311 0.011326 0.021633 0.037715                 0.060884 0.092011 0.131308 0.178186 0.231228 0.288277 0.346625 0.403277 0.455234 0.499781                 0.534715 0.558511 0.570409 0.570409 0.559201 0.538037 0.508578 0.472717 0.432422 0.389595                 0.345963 0.303001 0.261894 0.223524 0.188485 0.157108 0.129509 0.105628 0.085273 0.068167                 0.053980 0.042358 0.032949 0.025414 0.019444 0.014759 0.011119 0.008316 0.006175 0.004555 0.003337
0.000000 0.000002 0.000020 0.000111 0.000428 0.001300 0.003305 0.007316 0.014474 0.026095                 0.043489 0.067750 0.099529 0.138857 0.185043 0.236660 0.291642 0.347460 0.401347 0.450564                 0.492639 0.525575 0.547992 0.559201 0.559201 0.548619 0.528598 0.500657 0.466540 0.428067                 0.387015 0.345008 0.303451 0.263488 0.225986 0.191547 0.160528 0.133078 0.109175 0.088671                 0.071325 0.056842 0.044895 0.035155 0.027299 0.021029 0.016074 0.012195 0.009185 0.006870 0.005103
0.000000 0.000001 0.000010 0.000061 0.000244 0.000772 0.002039 0.004677 0.009576 0.017835                 0.030662 0.049206 0.074367 0.106612 0.145827 0.191244 0.241443 0.294451 0.347899 0.399232                 0.445935 0.485755 0.516874 0.538037 0.548619 0.548619 0.538609 0.519633 0.493086 0.460577                 0.423796 0.384402 0.343927 0.303707 0.264847 0.228197 0.194363 0.163720 0.136448 0.112559                 0.091942 0.074392 0.059644 0.047399 0.037349 0.029189 0.022632 0.017413 0.013299 0.010084 0.007594
0.000000 0.000000 0.000005 0.000033 0.000139 0.000455 0.001247 0.002962 0.006269 0.012052                 0.021357 0.035282 0.054825 0.080718 0.113273 0.152258 0.196851 0.245651 0.296775 0.348003                 0.396969 0.441362 0.479118 0.508578 0.528598 0.538609 0.538609 0.529121 0.511104 0.485840                 0.454818 0.419610 0.381768 0.342738 0.303792 0.265995 0.230179 0.196949 0.166699 0.139629                 0.115786 0.095089 0.077366 0.062383 0.049866 0.039528 0.031080 0.024246 0.018773 0.014429 0.011011
0.000000 0.000000 0.000003 0.000018 0.000078 0.000267 0.000757 0.001859 0.004064 0.008058                 0.014708 0.024995 0.039910 0.060314 0.086794 0.119526 0.158188 0.201920 0.249347 0.298675                 0.347822 0.394592 0.436855 0.472717 0.500657 0.519633 0.529121 0.529121 0.520112 0.502976                 0.478897 0.449254 0.415511 0.379124 0.341458 0.303726 0.266953 0.231951 0.199325 0.169477                 0.142631 0.118860 0.098113 0.080248 0.065057 0.052292 0.041686 0.032966 0.025870 0.020149 0.015580
0.000000 0.000000 0.000001 0.000010 0.000044 0.000155 0.000456 0.001158 0.002611 0.005335                 0.010021 0.017508 0.028709 0.044511 0.065652 0.092589 0.125389 0.163654 0.206501 0.252588                 0.300205 0.347399 0.392127 0.432422 0.466540 0.493086 0.511104 0.520112 0.520112 0.511544                 0.495221 0.472237 0.443874 0.411499 0.376479 0.340103 0.303528 0.267739 0.233532 0.201504                 0.172068 0.145464 0.121789 0.101018 0.083038 0.067665 0.054675 0.043821 0.034845 0.027497 0.021539
0.000000 0.000000 0.000001 0.000005 0.000025 0.000090 0.000273 0.000715 0.001663 0.003499                 0.006760 0.012134 0.020421 0.032466 0.049059 0.070824 0.098107 0.130880 0.168691 0.210639                 0.255422 0.301411 0.346769 0.389595 0.428067 0.460577 0.485840 0.502976 0.511544 0.511544                 0.503383 0.487810 0.465842 0.438671 0.407575 0.373839 0.338683 0.303211 0.268372 0.234938                 0.203503 0.174484 0.148136 0.124577 0.103807 0.085736 0.070206 0.057013 0.045929 0.036713 0.029126
0.000000 0.000000 0.000000 0.000003 0.000014 0.000052 0.000162 0.000439 0.001051 0.002275                 0.004518 0.008326 0.014374 0.023420 0.036240 0.053532 0.075819 0.103350 0.136020 0.173330                 0.214376 0.257893 0.302331 0.345963 0.387015 0.423796 0.454818 0.478897 0.495221 0.503383                 0.503383 0.495596 0.480719 0.459695 0.433635 0.403737 0.371210 0.337211 0.302791 0.268865                 0.236184 0.205334 0.176735 0.150656 0.127232 0.106484 0.088345 0.072679 0.059304 0.048009 0.038567
0.000000 0.000000 0.000000 0.000002 0.000008 0.000030 0.000096 0.000268 0.000659 0.001467                 0.002992 0.005659 0.010016 0.016718 0.026479 0.040005 0.057912 0.080631 0.108326 0.140828                 0.177602 0.217748 0.260039 0.303001 0.345008 0.384402 0.419610 0.449254 0.472237 0.487810                 0.495596 0.495596 0.488158 0.473926 0.453781 0.428759 0.399984 0.368597 0.335694 0.302279                 0.269232 0.237283 0.207009 0.178832 0.153032 0.129758 0.109051 0.090865 0.075085 0.061547 0.050057
0.000000 0.000000 0.000000 0.000001 0.000004 0.000017 0.000057 0.000162 0.000411 0.000939                 0.001966 0.003812 0.006914 0.011816 0.019148 0.029577 0.043744 0.062188 0.085257 0.113042                 0.145322 0.181535 0.220787 0.261894 0.303451 0.343927 0.381768 0.415511 0.443874 0.465842                 0.480719 0.488158 0.488158 0.481042 0.467411 0.448085 0.424035 0.396316 0.366005 0.334142                 0.301687 0.269485 0.238247 0.208540 0.180786 0.155272 0.132162 0.111513 0.093299 0.077423 0.063740
0.000000 0.000000 0.000000 0.000000 0.000002 0.000010 0.000033 0.000098 0.000254 0.000597                 0.001281 0.002547 0.004731 0.008273 0.013710 0.021643 0.032694 0.047441 0.066349 0.089695                 0.117509 0.149522 0.185154 0.223524 0.263488 0.303707 0.342738 0.379124 0.411499 0.438671                 0.459695 0.473926 0.481042 0.481042 0.474227 0.461156 0.442595 0.419456 0.392730 0.363436                 0.332562 0.301023 0.269635 0.239087 0.209937 0.182604 0.157383 0.134448 0.113874 0.095648 0.079694
0.000000 0.000000 0.000000 0.000000 0.000001 0.000005 0.000019 0.000058 0.000156 0.000376                 0.000829 0.001688 0.003209 0.005741 0.009726 0.015685 0.024189 0.035815 0.051082 0.070389                 0.093949 0.121735 0.153445 0.188485 0.225986 0.264847 0.303792 0.341458 0.376479 0.407575                 0.433635 0.453781 0.467411 0.474227 0.474227 0.467691 0.455143 0.437299 0.415015 0.389226                 0.360894 0.330958 0.300297 0.269692 0.239814 0.211209 0.184296 0.159372 0.136623 0.116136 0.097915
0.000000 0.000000 0.000000 0.000000 0.000001 0.000003 0.000011 0.000035 0.000096 0.000236                 0.000532 0.001110 0.002160 0.003950 0.006838 0.011261 0.017725 0.026770 0.038926 0.054657                 0.074303 0.098019 0.125732 0.157108 0.191547 0.228197 0.265995 0.303726 0.340103 0.373839                 0.403737 0.428759 0.448085 0.461156 0.467691 0.467691 0.461417 0.449358 0.432187 0.410706                 0.385800 0.358379 0.329338 0.299515 0.269665 0.240437 0.212367 0.185869 0.161246 0.138691 0.118303
0.000000 0.000000 0.000000 0.000000 0.000000 0.000002 0.000006 0.000021 0.000058 0.000147                 0.000340 0.000725 0.001442 0.002696 0.004767 0.008014 0.012870 0.019820 0.029373 0.042015                 0.058159 0.078089 0.101911 0.129509 0.160528 0.194363 0.230179 0.266953 0.303528 0.338683                 0.371210 0.399984 0.424035 0.442595 0.455143 0.461417 0.461417 0.455388 0.443787 0.427247                 0.406523 0.382451 0.355895 0.327705 0.298685 0.269561 0.240964 0.213417 0.187331 0.163011 0.140657
0.000000 0.000000 0.000000 0.000000 0.000000 0.000001 0.000004 0.000012 0.000035 0.000091                 0.000215 0.000470 0.000956 0.001826 0.003297 0.005656 0.009263 0.014541 0.021957 0.031986                 0.045073 0.061581 0.081746 0.105628 0.133078 0.163720 0.196949 0.231951 0.267739 0.303211                 0.337211 0.368597 0.396316 0.419456 0.437299 0.449358 0.455388 0.455388 0.449587 0.438417                 0.422470 0.402461 0.379178 0.353441 0.326063 0.297812 0.269388 0.241402 0.214367 0.188689 0.164673
0.000000 0.000000 0.000000 0.000000 0.000000 0.000001 0.000002 0.000007 0.000021 0.000056                 0.000136 0.000303 0.000630 0.001228 0.002262 0.003959 0.006611 0.010576 0.016267 0.024126                 0.034600 0.048090 0.064918 0.085273 0.109175 0.136448 0.166699 0.199325 0.233532 0.268372                 0.302791 0.335694 0.366005 0.392730 0.415015 0.432187 0.443787 0.449587 0.449587 0.444002                 0.433236 0.417848 0.398513 0.375977 0.351020 0.324416 0.296902 0.269152 0.241759 0.215224 0.189949
0.000000 0.000000 0.000000 0.000000 0.000000 0.000000 0.000001 0.000004 0.000013 0.000034                 0.000085 0.000194 0.000412 0.000820 0.001541 0.002750 0.004680 0.007628 0.011947 0.018037                 0.026318 0.037204 0.051061 0.068167 0.088671 0.112559 0.139629 0.169477 0.201504 0.234938                 0.268865 0.302279 0.334142 0.363436 0.389226 0.410706 0.427247 0.438417 0.444002 0.444002                 0.438619 0.428234 0.413373 0.394675 0.372848 0.348632 0.322767 0.295959 0.268859 0.242042 0.215995
0.000000 0.000000 0.000000 0.000000 0.000000 0.000000 0.000001 0.000002 0.000008 0.000021                 0.000053 0.000124 0.000268 0.000544 0.001042 0.001896 0.003288 0.005458 0.008703 0.013370                 0.019844 0.028524 0.039793 0.053980 0.071325 0.091942 0.115786 0.142631 0.172068 0.203503                 0.236184 0.269232 0.301687 0.332562 0.360894 0.385800 0.406523 0.422470 0.433236 0.438619                 0.438619 0.433427 0.423400 0.409038 0.390943 0.369787 0.346277 0.321118 0.294989 0.268515 0.242255
0.000000 0.000000 0.000000 0.000000 0.000000 0.000000 0.000000 0.000001 0.000004 0.000013                 0.000033 0.000078 0.000173 0.000358 0.000700 0.001298 0.002293 0.003876 0.006289 0.009830                 0.014837 0.021680 0.030737 0.042358 0.056842 0.074392 0.095089 0.118860 0.145464 0.174484                 0.205334 0.237283 0.269485 0.301023 0.330958 0.358379 0.382451 0.402461 0.417848 0.428234                 0.433427 0.433427 0.428413 0.418725 0.404834 0.387311 0.366794 0.343956 0.319472 0.293994 0.268125
0.000000 0.000000 0.000000 0.000000 0.000000 0.000000 0.000000 0.000001 0.000003 0.000008                 0.000020 0.000049 0.000111 0.000235 0.000468 0.000883 0.001588 0.002732 0.004511 0.007170                 0.011003 0.016342 0.023539 0.032949 0.044895 0.059644 0.077366 0.098113 0.121789 0.148136                 0.176735 0.207009 0.238247 0.269635 0.300297 0.329338 0.355895 0.379178 0.398513 0.413373                 0.423400 0.428413 0.428413 0.423569 0.414202 0.400756 0.383775 0.363866 0.341669 0.317831 0.292978
0.000000 0.000000 0.000000 0.000000 0.000000 0.000000 0.000000 0.000000 0.000002 0.000005                 0.000012 0.000031 0.000071 0.000153 0.000310 0.000597 0.001092 0.001912 0.003211 0.005191                 0.008097 0.012220 0.017879 0.025414 0.035155 0.047399 0.062383 0.080248 0.101018 0.124577                 0.150656 0.178832 0.208540 0.239087 0.269692 0.299515 0.327705 0.353441 0.375977 0.394675                 0.409038 0.418725 0.423569 0.423569 0.418886 0.409821 0.396798 0.380332 0.361000 0.339416 0.316197
0.000000 0.000000 0.000000 0.000000 0.000000 0.000000 0.000000 0.000000 0.000001 0.000003                 0.000008 0.000019 0.000045 0.000099 0.000205 0.000401 0.000746 0.001329 0.002270 0.003731                 0.005914 0.009067 0.013473 0.019444 0.027299 0.037349 0.049866 0.065057 0.083038 0.103807                 0.127232 0.153032 0.180786 0.209937 0.239814 0.269665 0.298685 0.326063 0.351020 0.372848                 0.390943 0.404834 0.414202 0.418886 0.418886 0.414353 0.405576 0.392954 0.376977 0.358196 0.337197
0.000000 0.000000 0.000000 0.000000 0.000000 0.000000 0.000000 0.000000 0.000001 0.000002                 0.000005 0.000012 0.000029 0.000064 0.000134 0.000267 0.000507 0.000918 0.001594 0.002662                 0.004288 0.006677 0.010075 0.014759 0.021029 0.029189 0.039528 0.052292 0.067665 0.085736                 0.106484 0.129758 0.155272 0.182604 0.211209 0.240437 0.269561 0.297812 0.324416 0.348632                 0.369787 0.387311 0.400756 0.409821 0.414353 0.414353 0.409964 0.401459 0.389218 0.373707 0.355452
0.000000 0.000000 0.000000 0.000000 0.000000 0.000000 0.000000 0.000000 0.000000 0.000001                 0.000003 0.000007 0.000018 0.000041 0.000087 0.000177 0.000342 0.000630 0.001112 0.001887                 0.003088 0.004883 0.007479 0.011119 0.016074 0.022632 0.031080 0.041686 0.054675 0.070206                 0.088345 0.109051 0.132162 0.157383 0.184296 0.212367 0.240964 0.269388 0.296902 0.322767                 0.346277 0.366794 0.383775 0.396798 0.405576 0.409964 0.409964 0.405712 0.397465 0.385586 0.370519
0.000000 0.000000 0.000000 0.000000 0.000000 0.000000 0.000000 0.000000 0.000000 0.000001                 0.000002 0.000005 0.000011 0.000026 0.000057 0.000117 0.000230 0.000430 0.000771 0.001329                 0.002208 0.003545 0.005512 0.008316 0.012195 0.017413 0.024246 0.032966 0.043821 0.057013                 0.072679 0.090865 0.111513 0.134448 0.159372 0.185869 0.213417 0.241402 0.269152 0.295959                 0.321118 0.343956 0.363866 0.380332 0.392954 0.401459 0.405712 0.405712 0.401588 0.393587 0.382053
0.000000 0.000000 0.000000 0.000000 0.000000 0.000000 0.000000 0.000000 0.000000 0.000000                 0.000001 0.000003 0.000007 0.000017 0.000037 0.000077 0.000153 0.000292 0.000531 0.000930                 0.001569 0.002557 0.004035 0.006175 0.009185 0.013299 0.018773 0.025870 0.034845 0.045929                 0.059304 0.075085 0.093299 0.113874 0.136623 0.161246 0.187331 0.214367 0.241759 0.268859                 0.294989 0.319472 0.341669 0.361000 0.376977 0.389218 0.397465 0.401588 0.401588 0.397588 0.389820
0.000000 0.000000 0.000000 0.000000 0.000000 0.000000 0.000000 0.000000 0.000000 0.000000                 0.000001 0.000002 0.000004 0.000010 0.000024 0.000050 0.000102 0.000197 0.000364 0.000647                 0.001108 0.001833 0.002934 0.004555 0.006870 0.010084 0.014429 0.020149 0.027497 0.036713                 0.048009 0.061547 0.077423 0.095648 0.116136 0.138691 0.163011 0.188689 0.215224 0.242042                 0.268515 0.293994 0.317831 0.339416 0.358196 0.373707 0.385586 0.393587 0.397588 0.397588 0.393704
0.000000 0.000000 0.000000 0.000000 0.000000 0.000000 0.000000 0.000000 0.000000 0.000000                 0.000000 0.000001 0.000003 0.000007 0.000015 0.000033 0.000067 0.000132 0.000248 0.000448                 0.000778 0.001305 0.002120 0.003337 0.005103 0.007594 0.011011 0.015580 0.021539 0.029126                 0.038567 0.050057 0.063740 0.079694 0.097915 0.118303 0.140657 0.164673 0.189949 0.215995                 0.242255 0.268125 0.292978 0.316197 0.337197 0.355452 0.370519 0.382053 0.389820 0.393704 0.393704
